<?xml version="1.0" encoding="UTF-8"?>
<COLLADA xmlns="http://www.collada.org/2005/11/COLLADASchema" version="1.4.1">
 <asset>
  <contributor>
   <authoring_tool>SceneKit Collada Exporter v1.0</authoring_tool>
  </contributor>
  <created>2018-06-19T03:06:03Z</created>
  <modified>2018-06-19T03:06:03Z</modified>
  <unit meter="1.000000"/>
  <up_axis>Z_UP</up_axis>
 </asset>
 <library_animations>
  <animation>
    <source id="genericSource2">
     <float_array id="Zack-takeDamage-13-array" count="2">0 0.25 </float_array>
     <technique_common>
      <accessor source="#Zack-takeDamage-13-array" count="2" stride="1">
       <param name="TIME" type="float"/>
      </accessor>
     </technique_common>
    </source>
    <source id="genericSource4">
     <float_array id="Zack-takeDamage-15-array" count="32">0.984065 0.164234 -0.0681448 0 -0.177805 0.90594 -0.384265 0.300699 -0.0013742 0.390258 0.920705 0 0 0 0 1 0.984065 0.164234 -0.0681448 0 -0.177805 0.90594 -0.384265 0.300699 -0.0013742 0.390258 0.920705 0 0 0 0 1 </float_array>
     <technique_common>
      <accessor source="#Zack-takeDamage-15-array" count="2" stride="16">
       <param name="TRANSFORM" type="float4x4"/>
      </accessor>
     </technique_common>
    </source>
    <sampler id="Zack-takeDamage-16">
     <input semantic="INPUT" source="#genericSource2"/>
     <input semantic="OUTPUT" source="#genericSource4"/>
    </sampler>
    <channel source="#Zack-takeDamage-16" target="LArm_L_002/SID_1"/>
    <source id="genericSource8">
     <float_array id="Zack-takeDamage-19-array" count="2">0 0.25 </float_array>
     <technique_common>
      <accessor source="#Zack-takeDamage-19-array" count="2" stride="1">
       <param name="TIME" type="float"/>
      </accessor>
     </technique_common>
    </source>
    <source id="genericSource10">
     <float_array id="Zack-takeDamage-111-array" count="32">0.984065 -0.168117 -0.0579052 4.76837e-07 0.177805 0.93291 0.313153 0.300699 0.00137414 -0.318458 0.947936 2.38419e-07 0 0 0 1 0.984065 -0.168117 -0.0579052 4.76837e-07 0.177805 0.93291 0.313153 0.300699 0.00137414 -0.318458 0.947936 2.38419e-07 0 0 0 1 </float_array>
     <technique_common>
      <accessor source="#Zack-takeDamage-111-array" count="2" stride="16">
       <param name="TRANSFORM" type="float4x4"/>
      </accessor>
     </technique_common>
    </source>
    <sampler id="Zack-takeDamage-112">
     <input semantic="INPUT" source="#genericSource8"/>
     <input semantic="OUTPUT" source="#genericSource10"/>
    </sampler>
    <channel source="#Zack-takeDamage-112" target="LArm_R_002/SID_2"/>
    <source id="genericSource14">
     <float_array id="Zack-takeDamage-115-array" count="2">0 0.25 </float_array>
     <technique_common>
      <accessor source="#Zack-takeDamage-115-array" count="2" stride="1">
       <param name="TIME" type="float"/>
      </accessor>
     </technique_common>
    </source>
    <source id="genericSource16">
     <float_array id="Zack-takeDamage-117-array" count="32">1 0 2.38419e-07 -2.10099e-07 2.38416e-07 -0.00478616 -0.999988 1.10582 1.14111e-09 0.999988 -0.00478602 2.84532 0 0 0 1 1 0 2.38419e-07 0 2.38416e-07 -0.00478616 -0.999988 0.224606 1.14111e-09 0.999988 -0.00478602 2.84111 0 0 0 1 </float_array>
     <technique_common>
      <accessor source="#Zack-takeDamage-117-array" count="2" stride="16">
       <param name="TRANSFORM" type="float4x4"/>
      </accessor>
     </technique_common>
    </source>
    <sampler id="Zack-takeDamage-118">
     <input semantic="INPUT" source="#genericSource14"/>
     <input semantic="OUTPUT" source="#genericSource16"/>
    </sampler>
    <channel source="#Zack-takeDamage-118" target="Torso/SID_3"/>
    <source id="genericSource20">
     <float_array id="Zack-takeDamage-121-array" count="2">0 0.25 </float_array>
     <technique_common>
      <accessor source="#Zack-takeDamage-121-array" count="2" stride="1">
       <param name="TIME" type="float"/>
      </accessor>
     </technique_common>
    </source>
    <source id="genericSource22">
     <float_array id="Zack-takeDamage-123-array" count="32">0.872764 -0.190114 0.4496 2.38419e-07 0.0440719 0.947969 0.315298 0.330961 -0.486149 -0.255365 0.835732 0 0 0 0 1 0.872764 -0.190114 0.4496 2.38419e-07 0.0440719 0.947969 0.315298 0.330961 -0.486149 -0.255365 0.835732 0 0 0 0 1 </float_array>
     <technique_common>
      <accessor source="#Zack-takeDamage-123-array" count="2" stride="16">
       <param name="TRANSFORM" type="float4x4"/>
      </accessor>
     </technique_common>
    </source>
    <sampler id="Zack-takeDamage-124">
     <input semantic="INPUT" source="#genericSource20"/>
     <input semantic="OUTPUT" source="#genericSource22"/>
    </sampler>
    <channel source="#Zack-takeDamage-124" target="Hand_R_001/SID_4"/>
    <source id="genericSource26">
     <float_array id="Zack-takeDamage-127-array" count="2">0 0.25 </float_array>
     <technique_common>
      <accessor source="#Zack-takeDamage-127-array" count="2" stride="1">
       <param name="TIME" type="float"/>
      </accessor>
     </technique_common>
    </source>
    <source id="genericSource28">
     <float_array id="Zack-takeDamage-129-array" count="32">1 1.925e-05 3.54789e-05 2.98023e-08 1.8177e-05 0.570035 -0.82162 0.627971 -3.60405e-05 0.82162 0.570035 0 0 0 0 1 1 1.925e-05 3.54789e-05 2.98023e-08 1.8177e-05 0.570035 -0.82162 0.627971 -3.60405e-05 0.82162 0.570035 0 0 0 0 1 </float_array>
     <technique_common>
      <accessor source="#Zack-takeDamage-129-array" count="2" stride="16">
       <param name="TRANSFORM" type="float4x4"/>
      </accessor>
     </technique_common>
    </source>
    <sampler id="Zack-takeDamage-130">
     <input semantic="INPUT" source="#genericSource26"/>
     <input semantic="OUTPUT" source="#genericSource28"/>
    </sampler>
    <channel source="#Zack-takeDamage-130" target="Feet_L_001/SID_5"/>
    <source id="genericSource32">
     <float_array id="Zack-takeDamage-133-array" count="2">0 0.25 </float_array>
     <technique_common>
      <accessor source="#Zack-takeDamage-133-array" count="2" stride="1">
       <param name="TIME" type="float"/>
      </accessor>
     </technique_common>
    </source>
    <source id="genericSource34">
     <float_array id="Zack-takeDamage-135-array" count="32">0.997558 0.00407 0.069719 2.98023e-08 -0.00299796 0.999876 -0.0154742 1.37242 -0.0697734 0.0152274 0.997447 0 0 0 0 1 0.997558 0.00407 0.069719 2.98023e-08 -0.00299796 0.999876 -0.0154742 1.37242 -0.0697734 0.0152274 0.997447 0 0 0 0 1 </float_array>
     <technique_common>
      <accessor source="#Zack-takeDamage-135-array" count="2" stride="16">
       <param name="TRANSFORM" type="float4x4"/>
      </accessor>
     </technique_common>
    </source>
    <sampler id="Zack-takeDamage-136">
     <input semantic="INPUT" source="#genericSource32"/>
     <input semantic="OUTPUT" source="#genericSource34"/>
    </sampler>
    <channel source="#Zack-takeDamage-136" target="LLeg_R/SID_6"/>
    <source id="genericSource38">
     <float_array id="Zack-takeDamage-139-array" count="2">0 0.25 </float_array>
     <technique_common>
      <accessor source="#Zack-takeDamage-139-array" count="2" stride="1">
       <param name="TIME" type="float"/>
      </accessor>
     </technique_common>
    </source>
    <source id="genericSource40">
     <float_array id="Zack-takeDamage-141-array" count="32">-0.875865 0.164784 0.45355 1.06014 0.459587 -0.00167322 0.888131 0.945283 0.147109 0.986328 -0.0742673 0.254071 0 0 0 1 -0.0341306 0.108897 0.993467 0.703793 0.9734 -0.221715 0.0577439 1.19513 0.226555 0.969012 -0.098433 0.0481189 0 0 0 1 </float_array>
     <technique_common>
      <accessor source="#Zack-takeDamage-141-array" count="2" stride="16">
       <param name="TRANSFORM" type="float4x4"/>
      </accessor>
     </technique_common>
    </source>
    <sampler id="Zack-takeDamage-142">
     <input semantic="INPUT" source="#genericSource38"/>
     <input semantic="OUTPUT" source="#genericSource40"/>
    </sampler>
    <channel source="#Zack-takeDamage-142" target="UArm_L/SID_7"/>
    <source id="genericSource44">
     <float_array id="Zack-takeDamage-145-array" count="2">0 0.25 </float_array>
     <technique_common>
      <accessor source="#Zack-takeDamage-145-array" count="2" stride="1">
       <param name="TIME" type="float"/>
      </accessor>
     </technique_common>
    </source>
    <source id="genericSource46">
     <float_array id="Zack-takeDamage-147-array" count="32">0.931586 -0.350207 -0.0974794 2.38419e-07 0.351529 0.936169 -0.00383024 0.262866 0.0925987 -0.0306988 0.99523 2.38419e-07 0 0 0 1 0.931586 -0.350207 -0.0974794 2.38419e-07 0.351529 0.936169 -0.00383024 0.262866 0.0925987 -0.0306988 0.99523 2.38419e-07 0 0 0 1 </float_array>
     <technique_common>
      <accessor source="#Zack-takeDamage-147-array" count="2" stride="16">
       <param name="TRANSFORM" type="float4x4"/>
      </accessor>
     </technique_common>
    </source>
    <sampler id="Zack-takeDamage-148">
     <input semantic="INPUT" source="#genericSource44"/>
     <input semantic="OUTPUT" source="#genericSource46"/>
    </sampler>
    <channel source="#Zack-takeDamage-148" target="LArm_L_003/SID_8"/>
    <source id="genericSource50">
     <float_array id="Zack-takeDamage-151-array" count="2">0 0.25 </float_array>
     <technique_common>
      <accessor source="#Zack-takeDamage-151-array" count="2" stride="1">
       <param name="TIME" type="float"/>
      </accessor>
     </technique_common>
    </source>
    <source id="genericSource52">
     <float_array id="Zack-takeDamage-153-array" count="32">0.86439 0.290555 -0.410373 0 -5.96046e-08 0.816142 0.577851 0.387406 0.502821 -0.499489 0.705466 2.38419e-07 0 0 0 1 0.86439 0.290555 -0.410373 0 -5.96046e-08 0.816142 0.577851 0.387406 0.502821 -0.499489 0.705466 2.38419e-07 0 0 0 1 </float_array>
     <technique_common>
      <accessor source="#Zack-takeDamage-153-array" count="2" stride="16">
       <param name="TRANSFORM" type="float4x4"/>
      </accessor>
     </technique_common>
    </source>
    <sampler id="Zack-takeDamage-154">
     <input semantic="INPUT" source="#genericSource50"/>
     <input semantic="OUTPUT" source="#genericSource52"/>
    </sampler>
    <channel source="#Zack-takeDamage-154" target="Hand_R_002/SID_9"/>
    <source id="genericSource56">
     <float_array id="Zack-takeDamage-157-array" count="2">0 0.25 </float_array>
     <technique_common>
      <accessor source="#Zack-takeDamage-157-array" count="2" stride="1">
       <param name="TIME" type="float"/>
      </accessor>
     </technique_common>
    </source>
    <source id="genericSource58">
     <float_array id="Zack-takeDamage-159-array" count="32">0.191952 -0.114337 -0.974721 0 -0.159509 0.97635 -0.14594 1.09462 0.968355 0.18349 0.169175 1.19209e-07 0 0 0 1 -0.485567 -0.861317 -0.149525 0 0.153354 0.084466 -0.984555 1.09462 0.860644 -0.500998 0.0910724 1.19209e-07 0 0 0 1 </float_array>
     <technique_common>
      <accessor source="#Zack-takeDamage-159-array" count="2" stride="16">
       <param name="TRANSFORM" type="float4x4"/>
      </accessor>
     </technique_common>
    </source>
    <sampler id="Zack-takeDamage-160">
     <input semantic="INPUT" source="#genericSource56"/>
     <input semantic="OUTPUT" source="#genericSource58"/>
    </sampler>
    <channel source="#Zack-takeDamage-160" target="LArm_R/SID_10"/>
    <source id="genericSource62">
     <float_array id="Zack-takeDamage-163-array" count="2">0 0.25 </float_array>
     <technique_common>
      <accessor source="#Zack-takeDamage-163-array" count="2" stride="1">
       <param name="TIME" type="float"/>
      </accessor>
     </technique_common>
    </source>
    <source id="genericSource64">
     <float_array id="Zack-takeDamage-165-array" count="32">-0.999814 -0.0152283 -0.0118114 -2.98023e-08 3.24729e-06 0.612746 -0.79028 1.13887 0.0192721 -0.790133 -0.612633 3.72529e-09 0 0 0 1 -0.999814 -0.0152283 -0.0118114 -2.98023e-08 3.24729e-06 0.612746 -0.79028 1.13887 0.0192721 -0.790133 -0.612633 3.72529e-09 0 0 0 1 </float_array>
     <technique_common>
      <accessor source="#Zack-takeDamage-165-array" count="2" stride="16">
       <param name="TRANSFORM" type="float4x4"/>
      </accessor>
     </technique_common>
    </source>
    <sampler id="Zack-takeDamage-166">
     <input semantic="INPUT" source="#genericSource62"/>
     <input semantic="OUTPUT" source="#genericSource64"/>
    </sampler>
    <channel source="#Zack-takeDamage-166" target="Feet_R/SID_11"/>
    <source id="genericSource68">
     <float_array id="Zack-takeDamage-169-array" count="2">0 0.25 </float_array>
     <technique_common>
      <accessor source="#Zack-takeDamage-169-array" count="2" stride="1">
       <param name="TIME" type="float"/>
      </accessor>
     </technique_common>
    </source>
    <source id="genericSource70">
     <float_array id="Zack-takeDamage-171-array" count="32">0.191952 0.114337 0.974721 4.76837e-07 0.159509 0.976349 -0.14594 1.09462 -0.968355 0.18349 0.169174 1.19209e-07 0 0 0 1 0.55442 0.832219 -0.00554885 4.76837e-07 0.140424 -0.0869739 0.986264 1.09462 0.820305 -0.547584 -0.165084 1.19209e-07 0 0 0 1 </float_array>
     <technique_common>
      <accessor source="#Zack-takeDamage-171-array" count="2" stride="16">
       <param name="TRANSFORM" type="float4x4"/>
      </accessor>
     </technique_common>
    </source>
    <sampler id="Zack-takeDamage-172">
     <input semantic="INPUT" source="#genericSource68"/>
     <input semantic="OUTPUT" source="#genericSource70"/>
    </sampler>
    <channel source="#Zack-takeDamage-172" target="LArm_L/SID_12"/>
    <source id="genericSource74">
     <float_array id="Zack-takeDamage-175-array" count="2">0 0.25 </float_array>
     <technique_common>
      <accessor source="#Zack-takeDamage-175-array" count="2" stride="1">
       <param name="TIME" type="float"/>
      </accessor>
     </technique_common>
    </source>
    <source id="genericSource76">
     <float_array id="Zack-takeDamage-177-array" count="32">0.861056 -0.461131 0.21434 2.38419e-07 0.50669 0.813672 -0.284963 0.869486 -0.0429977 0.353972 0.934267 1.19209e-07 0 0 0 1 0.861056 -0.503811 -0.068976 2.38419e-07 0.506689 0.838573 0.200152 0.869486 -0.0429977 -0.207292 0.977334 1.19209e-07 0 0 0 1 </float_array>
     <technique_common>
      <accessor source="#Zack-takeDamage-177-array" count="2" stride="16">
       <param name="TRANSFORM" type="float4x4"/>
      </accessor>
     </technique_common>
    </source>
    <sampler id="Zack-takeDamage-178">
     <input semantic="INPUT" source="#genericSource74"/>
     <input semantic="OUTPUT" source="#genericSource76"/>
    </sampler>
    <channel source="#Zack-takeDamage-178" target="LArm_R_001/SID_13"/>
    <source id="genericSource80">
     <float_array id="Zack-takeDamage-181-array" count="2">0 0.25 </float_array>
     <technique_common>
      <accessor source="#Zack-takeDamage-181-array" count="2" stride="1">
       <param name="TIME" type="float"/>
      </accessor>
     </technique_common>
    </source>
    <source id="genericSource82">
     <float_array id="Zack-takeDamage-183-array" count="32">0.997558 -0.0581709 -0.0386452 0 0.00299771 0.588513 -0.808482 1.37242 0.0697733 0.806392 0.587251 2.23517e-08 0 0 0 1 0.997558 -0.0581709 -0.0386452 0 0.00299771 0.588513 -0.808482 1.37242 0.0697733 0.806392 0.587251 2.23517e-08 0 0 0 1 </float_array>
     <technique_common>
      <accessor source="#Zack-takeDamage-183-array" count="2" stride="16">
       <param name="TRANSFORM" type="float4x4"/>
      </accessor>
     </technique_common>
    </source>
    <sampler id="Zack-takeDamage-184">
     <input semantic="INPUT" source="#genericSource80"/>
     <input semantic="OUTPUT" source="#genericSource82"/>
    </sampler>
    <channel source="#Zack-takeDamage-184" target="LLeg_L/SID_14"/>
    <source id="genericSource86">
     <float_array id="Zack-takeDamage-187-array" count="2">0 0.25 </float_array>
     <technique_common>
      <accessor source="#Zack-takeDamage-187-array" count="2" stride="1">
       <param name="TIME" type="float"/>
      </accessor>
     </technique_common>
    </source>
    <source id="genericSource88">
     <float_array id="Zack-takeDamage-189-array" count="32">0.999983 -0.00560076 -0.0018196 3.72529e-09 0.00545602 0.997415 -0.0716426 1.21404 0.00221615 0.0716316 0.997429 2.38419e-07 0 0 0 1 0.999983 -0.00560076 -0.0018196 3.72529e-09 0.00545602 0.997415 -0.0716426 1.21404 0.00221615 0.0716316 0.997429 2.38419e-07 0 0 0 1 </float_array>
     <technique_common>
      <accessor source="#Zack-takeDamage-189-array" count="2" stride="16">
       <param name="TRANSFORM" type="float4x4"/>
      </accessor>
     </technique_common>
    </source>
    <sampler id="Zack-takeDamage-190">
     <input semantic="INPUT" source="#genericSource86"/>
     <input semantic="OUTPUT" source="#genericSource88"/>
    </sampler>
    <channel source="#Zack-takeDamage-190" target="Neck/SID_15"/>
    <source id="genericSource92">
     <float_array id="Zack-takeDamage-193-array" count="2">0 0.25 </float_array>
     <technique_common>
      <accessor source="#Zack-takeDamage-193-array" count="2" stride="1">
       <param name="TIME" type="float"/>
      </accessor>
     </technique_common>
    </source>
    <source id="genericSource94">
     <float_array id="Zack-takeDamage-195-array" count="32">1 -1.81924e-06 -4.04797e-05 0 -1.83212e-05 0.870745 -0.491734 0.627972 3.61421e-05 0.491734 0.870745 -2.98023e-08 0 0 0 1 1 -1.81924e-06 -4.04797e-05 0 -1.83212e-05 0.870745 -0.491734 0.627972 3.61421e-05 0.491734 0.870745 -2.98023e-08 0 0 0 1 </float_array>
     <technique_common>
      <accessor source="#Zack-takeDamage-195-array" count="2" stride="16">
       <param name="TRANSFORM" type="float4x4"/>
      </accessor>
     </technique_common>
    </source>
    <sampler id="Zack-takeDamage-196">
     <input semantic="INPUT" source="#genericSource92"/>
     <input semantic="OUTPUT" source="#genericSource94"/>
    </sampler>
    <channel source="#Zack-takeDamage-196" target="Feet_R_001/SID_16"/>
    <source id="genericSource98">
     <float_array id="Zack-takeDamage-199-array" count="2">0 0.25 </float_array>
     <technique_common>
      <accessor source="#Zack-takeDamage-199-array" count="2" stride="1">
       <param name="TIME" type="float"/>
      </accessor>
     </technique_common>
    </source>
    <source id="genericSource100">
     <float_array id="Zack-takeDamage-1101-array" count="32">-0.877805 -0.170481 -0.447656 -1.06014 -0.454207 -0.000644786 0.890896 0.951788 -0.152169 0.985361 -0.0768676 0.247953 0 0 0 1 -0.0332787 -0.1034 -0.994083 -0.982275 -0.973471 -0.221937 0.0556735 0.997468 -0.22638 0.969563 -0.0932716 0.0328552 0 0 0 1 </float_array>
     <technique_common>
      <accessor source="#Zack-takeDamage-1101-array" count="2" stride="16">
       <param name="TRANSFORM" type="float4x4"/>
      </accessor>
     </technique_common>
    </source>
    <sampler id="Zack-takeDamage-1102">
     <input semantic="INPUT" source="#genericSource98"/>
     <input semantic="OUTPUT" source="#genericSource100"/>
    </sampler>
    <channel source="#Zack-takeDamage-1102" target="UArm_R/SID_17"/>
    <source id="genericSource104">
     <float_array id="Zack-takeDamage-1105-array" count="2">0 0.25 </float_array>
     <technique_common>
      <accessor source="#Zack-takeDamage-1105-array" count="2" stride="1">
       <param name="TIME" type="float"/>
      </accessor>
     </technique_common>
    </source>
    <source id="genericSource106">
     <float_array id="Zack-takeDamage-1107-array" count="32">-0.999814 0.0173316 0.00842794 2.98023e-08 -3.26615e-06 0.437161 -0.899383 1.13887 -0.0192721 -0.899216 -0.437079 -1.19209e-07 0 0 0 1 -0.999814 0.0173316 0.00842794 2.98023e-08 -3.26615e-06 0.437161 -0.899383 1.13887 -0.0192721 -0.899216 -0.437079 -1.19209e-07 0 0 0 1 </float_array>
     <technique_common>
      <accessor source="#Zack-takeDamage-1107-array" count="2" stride="16">
       <param name="TRANSFORM" type="float4x4"/>
      </accessor>
     </technique_common>
    </source>
    <sampler id="Zack-takeDamage-1108">
     <input semantic="INPUT" source="#genericSource104"/>
     <input semantic="OUTPUT" source="#genericSource106"/>
    </sampler>
    <channel source="#Zack-takeDamage-1108" target="Feet_L/SID_18"/>
    <source id="genericSource110">
     <float_array id="Zack-takeDamage-1111-array" count="2">0 0.25 </float_array>
     <technique_common>
      <accessor source="#Zack-takeDamage-1111-array" count="2" stride="1">
       <param name="TIME" type="float"/>
      </accessor>
     </technique_common>
    </source>
    <source id="genericSource112">
     <float_array id="Zack-takeDamage-1113-array" count="32">0.996054 -2.14204e-08 0.0887508 0.479544 0.00942947 -0.99434 -0.105827 0.118855 0.0882489 0.106246 -0.990412 -0.112488 0 0 0 1 0.996054 -2.14204e-08 0.0887508 0.479544 0.00942947 -0.99434 -0.105827 0.118855 0.0882489 0.106246 -0.990412 -0.112488 0 0 0 1 </float_array>
     <technique_common>
      <accessor source="#Zack-takeDamage-1113-array" count="2" stride="16">
       <param name="TRANSFORM" type="float4x4"/>
      </accessor>
     </technique_common>
    </source>
    <sampler id="Zack-takeDamage-1114">
     <input semantic="INPUT" source="#genericSource110"/>
     <input semantic="OUTPUT" source="#genericSource112"/>
    </sampler>
    <channel source="#Zack-takeDamage-1114" target="ULeg_L/SID_19"/>
    <source id="genericSource116">
     <float_array id="Zack-takeDamage-1117-array" count="2">0 0.25 </float_array>
     <technique_common>
      <accessor source="#Zack-takeDamage-1117-array" count="2" stride="1">
       <param name="TIME" type="float"/>
      </accessor>
     </technique_common>
    </source>
    <source id="genericSource118">
     <float_array id="Zack-takeDamage-1119-array" count="32">0.996054 -2.14204e-08 -0.0887503 -0.447176 -0.00942946 -0.99434 -0.105827 0.157451 -0.0882484 0.106246 -0.990411 0.248728 0 0 0 1 0.996054 -2.14204e-08 -0.0887503 -0.447176 -0.00942946 -0.99434 -0.105827 0.157451 -0.0882484 0.106246 -0.990411 0.248728 0 0 0 1 </float_array>
     <technique_common>
      <accessor source="#Zack-takeDamage-1119-array" count="2" stride="16">
       <param name="TRANSFORM" type="float4x4"/>
      </accessor>
     </technique_common>
    </source>
    <sampler id="Zack-takeDamage-1120">
     <input semantic="INPUT" source="#genericSource116"/>
     <input semantic="OUTPUT" source="#genericSource118"/>
    </sampler>
    <channel source="#Zack-takeDamage-1120" target="ULeg_R/SID_20"/>
    <source id="genericSource122">
     <float_array id="Zack-takeDamage-1123-array" count="2">0 0.25 </float_array>
     <technique_common>
      <accessor source="#Zack-takeDamage-1123-array" count="2" stride="1">
       <param name="TIME" type="float"/>
      </accessor>
     </technique_common>
    </source>
    <source id="genericSource124">
     <float_array id="Zack-takeDamage-1125-array" count="32">0.872764 0.133546 -0.46952 -5.96046e-08 -0.0440722 0.979478 0.196671 0.330961 0.486149 -0.150954 0.860739 -2.38419e-07 0 0 0 1 0.872764 0.133546 -0.46952 -5.96046e-08 -0.0440722 0.979478 0.196671 0.330961 0.486149 -0.150954 0.860739 -2.38419e-07 0 0 0 1 </float_array>
     <technique_common>
      <accessor source="#Zack-takeDamage-1125-array" count="2" stride="16">
       <param name="TRANSFORM" type="float4x4"/>
      </accessor>
     </technique_common>
    </source>
    <sampler id="Zack-takeDamage-1126">
     <input semantic="INPUT" source="#genericSource122"/>
     <input semantic="OUTPUT" source="#genericSource124"/>
    </sampler>
    <channel source="#Zack-takeDamage-1126" target="Hand_L_001/SID_21"/>
    <source id="genericSource128">
     <float_array id="Zack-takeDamage-1129-array" count="2">0 0.25 </float_array>
     <technique_common>
      <accessor source="#Zack-takeDamage-1129-array" count="2" stride="1">
       <param name="TIME" type="float"/>
      </accessor>
     </technique_common>
    </source>
    <source id="genericSource130">
     <float_array id="Zack-takeDamage-1131-array" count="32">0.844544 0.530147 -0.0754317 -2.98023e-08 -0.528583 0.8028 -0.275883 0.869486 -0.0857021 0.272868 0.958227 -2.38419e-07 0 0 0 1 0.861056 0.503811 0.0689757 -2.98023e-08 -0.506689 0.838573 0.200153 0.869486 0.0429977 -0.207291 0.977334 -2.38419e-07 0 0 0 1 </float_array>
     <technique_common>
      <accessor source="#Zack-takeDamage-1131-array" count="2" stride="16">
       <param name="TRANSFORM" type="float4x4"/>
      </accessor>
     </technique_common>
    </source>
    <sampler id="Zack-takeDamage-1132">
     <input semantic="INPUT" source="#genericSource128"/>
     <input semantic="OUTPUT" source="#genericSource130"/>
    </sampler>
    <channel source="#Zack-takeDamage-1132" target="LArm_L_001/SID_22"/>
    <source id="genericSource134">
     <float_array id="Zack-takeDamage-1135-array" count="2">0 0.25 </float_array>
     <technique_common>
      <accessor source="#Zack-takeDamage-1135-array" count="2" stride="1">
       <param name="TIME" type="float"/>
      </accessor>
     </technique_common>
    </source>
    <source id="genericSource136">
     <float_array id="Zack-takeDamage-1137-array" count="32">0.972791 -0.147074 0.179015 0 0.23155 0.591029 -0.772702 0.869486 0.00784175 0.793129 0.609003 0 0 0 0 1 0.972791 -0.225275 0.0541141 0 0.23155 0.937437 -0.259994 0.869486 0.0078418 0.26545 0.964093 0 0 0 0 1 </float_array>
     <technique_common>
      <accessor source="#Zack-takeDamage-1137-array" count="2" stride="16">
       <param name="TRANSFORM" type="float4x4"/>
      </accessor>
     </technique_common>
    </source>
    <sampler id="Zack-takeDamage-1138">
     <input semantic="INPUT" source="#genericSource134"/>
     <input semantic="OUTPUT" source="#genericSource136"/>
    </sampler>
    <channel source="#Zack-takeDamage-1138" target="Hand_L/SID_23"/>
    <source id="genericSource140">
     <float_array id="Zack-takeDamage-1141-array" count="2">0 0.25 </float_array>
     <technique_common>
      <accessor source="#Zack-takeDamage-1141-array" count="2" stride="1">
       <param name="TIME" type="float"/>
      </accessor>
     </technique_common>
    </source>
    <source id="genericSource142">
     <float_array id="Zack-takeDamage-1143-array" count="32">0.999967 -0.0069178 -0.00428233 -7.10543e-15 0.0081359 0.847714 0.530391 1.54043 -3.89396e-05 -0.530408 0.847743 2.98023e-08 0 0 0 1 0.999967 -0.00691779 -0.00428233 -7.10543e-15 0.00812637 0.823662 0.567023 1.54043 -0.000395356 -0.567039 0.823691 2.98023e-08 0 0 0 1 </float_array>
     <technique_common>
      <accessor source="#Zack-takeDamage-1143-array" count="2" stride="16">
       <param name="TRANSFORM" type="float4x4"/>
      </accessor>
     </technique_common>
    </source>
    <sampler id="Zack-takeDamage-1144">
     <input semantic="INPUT" source="#genericSource140"/>
     <input semantic="OUTPUT" source="#genericSource142"/>
    </sampler>
    <channel source="#Zack-takeDamage-1144" target="Chest/SID_24"/>
    <source id="genericSource146">
     <float_array id="Zack-takeDamage-1147-array" count="2">0 0.25 </float_array>
     <technique_common>
      <accessor source="#Zack-takeDamage-1147-array" count="2" stride="1">
       <param name="TIME" type="float"/>
      </accessor>
     </technique_common>
    </source>
    <source id="genericSource148">
     <float_array id="Zack-takeDamage-1149-array" count="32">0.972791 0.153455 -0.173577 0 -0.23155 0.618599 -0.750813 0.869486 -0.00784145 0.770576 0.6373 -1.04308e-07 0 0 0 1 0.972791 0.231278 -0.0136977 0 -0.23155 0.968532 -0.0912674 0.869486 -0.00784145 0.0919559 0.995732 -1.04308e-07 0 0 0 1 </float_array>
     <technique_common>
      <accessor source="#Zack-takeDamage-1149-array" count="2" stride="16">
       <param name="TRANSFORM" type="float4x4"/>
      </accessor>
     </technique_common>
    </source>
    <sampler id="Zack-takeDamage-1150">
     <input semantic="INPUT" source="#genericSource146"/>
     <input semantic="OUTPUT" source="#genericSource148"/>
    </sampler>
    <channel source="#Zack-takeDamage-1150" target="Hand_R/SID_25"/>
    <source id="genericSource152">
     <float_array id="Zack-takeDamage-1153-array" count="2">0 0.25 </float_array>
     <technique_common>
      <accessor source="#Zack-takeDamage-1153-array" count="2" stride="1">
       <param name="TIME" type="float"/>
      </accessor>
     </technique_common>
    </source>
    <source id="genericSource154">
     <float_array id="Zack-takeDamage-1155-array" count="32">-0.999983 0.00221591 0.00545601 0.0152149 0.00560073 0.0716316 0.997415 2.40129 0.00181936 0.997428 -0.0716428 -0.133417 0 0 0 1 -0.999983 0.00221591 0.00545601 0.0152149 0.00560073 0.0716316 0.997415 2.40129 0.00181936 0.997428 -0.0716428 -0.133417 0 0 0 1 </float_array>
     <technique_common>
      <accessor source="#Zack-takeDamage-1155-array" count="2" stride="16">
       <param name="TRANSFORM" type="float4x4"/>
      </accessor>
     </technique_common>
    </source>
    <sampler id="Zack-takeDamage-1156">
     <input semantic="INPUT" source="#genericSource152"/>
     <input semantic="OUTPUT" source="#genericSource154"/>
    </sampler>
    <channel source="#Zack-takeDamage-1156" target="HeadTop/SID_26"/>
    <source id="genericSource158">
     <float_array id="Zack-takeDamage-1159-array" count="2">0 0.25 </float_array>
     <technique_common>
      <accessor source="#Zack-takeDamage-1159-array" count="2" stride="1">
       <param name="TIME" type="float"/>
      </accessor>
     </technique_common>
    </source>
    <source id="genericSource160">
     <float_array id="Zack-takeDamage-1161-array" count="32">0.864391 -0.290555 0.410374 0 -1.41561e-07 0.816143 0.57785 0.387406 -0.502821 -0.499489 0.705466 0 0 0 0 1 0.864391 -0.290555 0.410374 0 -1.41561e-07 0.816143 0.57785 0.387406 -0.502821 -0.499489 0.705466 0 0 0 0 1 </float_array>
     <technique_common>
      <accessor source="#Zack-takeDamage-1161-array" count="2" stride="16">
       <param name="TRANSFORM" type="float4x4"/>
      </accessor>
     </technique_common>
    </source>
    <sampler id="Zack-takeDamage-1162">
     <input semantic="INPUT" source="#genericSource158"/>
     <input semantic="OUTPUT" source="#genericSource160"/>
    </sampler>
    <channel source="#Zack-takeDamage-1162" target="Hand_L_002/SID_27"/>
    <source id="genericSource164">
     <float_array id="Zack-takeDamage-1165-array" count="2">0 0.25 </float_array>
     <technique_common>
      <accessor source="#Zack-takeDamage-1165-array" count="2" stride="1">
       <param name="TIME" type="float"/>
      </accessor>
     </technique_common>
    </source>
    <source id="genericSource166">
     <float_array id="Zack-takeDamage-1167-array" count="32">0.931586 0.350207 0.0974795 0 -0.351529 0.936169 -0.00383027 0.262866 -0.0925987 -0.0306988 0.99523 0 0 0 0 1 0.931586 0.350207 0.0974795 0 -0.351529 0.936169 -0.00383027 0.262866 -0.0925987 -0.0306988 0.99523 0 0 0 0 1 </float_array>
     <technique_common>
      <accessor source="#Zack-takeDamage-1167-array" count="2" stride="16">
       <param name="TRANSFORM" type="float4x4"/>
      </accessor>
     </technique_common>
    </source>
    <sampler id="Zack-takeDamage-1168">
     <input semantic="INPUT" source="#genericSource164"/>
     <input semantic="OUTPUT" source="#genericSource166"/>
    </sampler>
    <channel source="#Zack-takeDamage-1168" target="LArm_R_003/SID_28"/>
 </animation>
</library_animations> <library_visual_scenes>
  <visual_scene id="scene169">
   <node id="Zack-MRoot" name="Zack-MRoot">
    <matrix>0.16 0 0 0 0 0.16 0 0 0 0 0.16 0 0 0 0 1 </matrix>
    <node id="CommonRig" name="CommonRig">
     <node id="Torso" name="Torso" type="JOINT">
      <matrix sid="SID_3">1 0 2.38419e-07 -2.10099e-07 2.38416e-07 -0.00478616 -0.999988 1.10582 1.14111e-09 0.999988 -0.00478602 2.84532 0 0 0 1 </matrix>
      <node id="Chest" name="Chest" type="JOINT">
       <matrix sid="SID_24">0.999967 -0.0069178 -0.00428233 -7.10543e-15 0.0081359 0.847714 0.530391 1.54043 -3.89396e-05 -0.530408 0.847743 2.98023e-08 0 0 0 1 </matrix>
       <node id="Neck" name="Neck" type="JOINT">
        <matrix sid="SID_15">0.999983 -0.00560076 -0.0018196 3.72529e-09 0.00545602 0.997415 -0.0716426 1.21404 0.00221615 0.0716316 0.997429 2.38419e-07 0 0 0 1 </matrix>
        <node id="HeadTop" name="HeadTop" type="JOINT">
         <matrix sid="SID_26">-0.999983 0.00221591 0.00545601 0.0152149 0.00560073 0.0716316 0.997415 2.40129 0.00181936 0.997428 -0.0716428 -0.133417 0 0 0 1 </matrix>
        </node>
       </node>
       <node id="UArm_L" name="UArm_L" type="JOINT">
        <matrix sid="SID_7">-0.875865 0.164784 0.45355 1.06014 0.459587 -0.00167322 0.888131 0.945283 0.147109 0.986328 -0.0742673 0.254071 0 0 0 1 </matrix>
        <node id="LArm_L" name="LArm_L" type="JOINT">
         <matrix sid="SID_12">0.191952 0.114337 0.974721 4.76837e-07 0.159509 0.976349 -0.14594 1.09462 -0.968355 0.18349 0.169174 1.19209e-07 0 0 0 1 </matrix>
         <node id="Hand_L" name="Hand_L" type="JOINT">
          <matrix sid="SID_23">0.972791 -0.147074 0.179015 0 0.23155 0.591029 -0.772702 0.869486 0.00784175 0.793129 0.609003 0 0 0 0 1 </matrix>
          <node id="Hand_L_001" name="Hand_L_001" type="JOINT">
           <matrix sid="SID_21">0.872764 0.133546 -0.46952 -5.96046e-08 -0.0440722 0.979478 0.196671 0.330961 0.486149 -0.150954 0.860739 -2.38419e-07 0 0 0 1 </matrix>
           <node id="Hand_L_002" name="Hand_L_002" type="JOINT">
            <matrix sid="SID_27">0.864391 -0.290555 0.410374 0 -1.41561e-07 0.816143 0.57785 0.387406 -0.502821 -0.499489 0.705466 0 0 0 0 1 </matrix>
           </node>
          </node>
         </node>
         <node id="LArm_L_001" name="LArm_L_001" type="JOINT">
          <matrix sid="SID_22">0.844544 0.530147 -0.0754317 -2.98023e-08 -0.528583 0.8028 -0.275883 0.869486 -0.0857021 0.272868 0.958227 -2.38419e-07 0 0 0 1 </matrix>
          <node id="LArm_L_002" name="LArm_L_002" type="JOINT">
           <matrix sid="SID_1">0.984065 0.164234 -0.0681448 0 -0.177805 0.90594 -0.384265 0.300699 -0.0013742 0.390258 0.920705 0 0 0 0 1 </matrix>
           <node id="LArm_L_003" name="LArm_L_003" type="JOINT">
            <matrix sid="SID_8">0.931586 -0.350207 -0.0974794 2.38419e-07 0.351529 0.936169 -0.00383024 0.262866 0.0925987 -0.0306988 0.99523 2.38419e-07 0 0 0 1 </matrix>
           </node>
          </node>
         </node>
        </node>
       </node>
       <node id="UArm_R" name="UArm_R" type="JOINT">
        <matrix sid="SID_17">-0.877805 -0.170481 -0.447656 -1.06014 -0.454207 -0.000644786 0.890896 0.951788 -0.152169 0.985361 -0.0768676 0.247953 0 0 0 1 </matrix>
        <node id="LArm_R" name="LArm_R" type="JOINT">
         <matrix sid="SID_10">0.191952 -0.114337 -0.974721 0 -0.159509 0.97635 -0.14594 1.09462 0.968355 0.18349 0.169175 1.19209e-07 0 0 0 1 </matrix>
         <node id="Hand_R" name="Hand_R" type="JOINT">
          <matrix sid="SID_25">0.972791 0.153455 -0.173577 0 -0.23155 0.618599 -0.750813 0.869486 -0.00784145 0.770576 0.6373 -1.04308e-07 0 0 0 1 </matrix>
          <node id="Hand_R_001" name="Hand_R_001" type="JOINT">
           <matrix sid="SID_4">0.872764 -0.190114 0.4496 2.38419e-07 0.0440719 0.947969 0.315298 0.330961 -0.486149 -0.255365 0.835732 0 0 0 0 1 </matrix>
           <node id="Hand_R_002" name="Hand_R_002" type="JOINT">
            <matrix sid="SID_9">0.86439 0.290555 -0.410373 0 -5.96046e-08 0.816142 0.577851 0.387406 0.502821 -0.499489 0.705466 2.38419e-07 0 0 0 1 </matrix>
           </node>
          </node>
         </node>
         <node id="LArm_R_001" name="LArm_R_001" type="JOINT">
          <matrix sid="SID_13">0.861056 -0.461131 0.21434 2.38419e-07 0.50669 0.813672 -0.284963 0.869486 -0.0429977 0.353972 0.934267 1.19209e-07 0 0 0 1 </matrix>
          <node id="LArm_R_002" name="LArm_R_002" type="JOINT">
           <matrix sid="SID_2">0.984065 -0.168117 -0.0579052 4.76837e-07 0.177805 0.93291 0.313153 0.300699 0.00137414 -0.318458 0.947936 2.38419e-07 0 0 0 1 </matrix>
           <node id="LArm_R_003" name="LArm_R_003" type="JOINT">
            <matrix sid="SID_28">0.931586 0.350207 0.0974795 0 -0.351529 0.936169 -0.00383027 0.262866 -0.0925987 -0.0306988 0.99523 0 0 0 0 1 </matrix>
           </node>
          </node>
         </node>
        </node>
       </node>
      </node>
      <node id="ULeg_L" name="ULeg_L" type="JOINT">
       <matrix sid="SID_19">0.996054 -2.14204e-08 0.0887508 0.479544 0.00942947 -0.99434 -0.105827 0.118855 0.0882489 0.106246 -0.990412 -0.112488 0 0 0 1 </matrix>
       <node id="LLeg_L" name="LLeg_L" type="JOINT">
        <matrix sid="SID_14">0.997558 -0.0581709 -0.0386452 0 0.00299771 0.588513 -0.808482 1.37242 0.0697733 0.806392 0.587251 2.23517e-08 0 0 0 1 </matrix>
        <node id="Feet_L" name="Feet_L" type="JOINT">
         <matrix sid="SID_18">-0.999814 0.0173316 0.00842794 2.98023e-08 -3.26615e-06 0.437161 -0.899383 1.13887 -0.0192721 -0.899216 -0.437079 -1.19209e-07 0 0 0 1 </matrix>
         <node id="Feet_L_001" name="Feet_L_001" type="JOINT">
          <matrix sid="SID_5">1 1.925e-05 3.54789e-05 2.98023e-08 1.8177e-05 0.570035 -0.82162 0.627971 -3.60405e-05 0.82162 0.570035 0 0 0 0 1 </matrix>
         </node>
        </node>
       </node>
      </node>
      <node id="ULeg_R" name="ULeg_R" type="JOINT">
       <matrix sid="SID_20">0.996054 -2.14204e-08 -0.0887503 -0.447176 -0.00942946 -0.99434 -0.105827 0.157451 -0.0882484 0.106246 -0.990411 0.248728 0 0 0 1 </matrix>
       <node id="LLeg_R" name="LLeg_R" type="JOINT">
        <matrix sid="SID_6">0.997558 0.00407 0.069719 2.98023e-08 -0.00299796 0.999876 -0.0154742 1.37242 -0.0697734 0.0152274 0.997447 0 0 0 0 1 </matrix>
        <node id="Feet_R" name="Feet_R" type="JOINT">
         <matrix sid="SID_11">-0.999814 -0.0152283 -0.0118114 -2.98023e-08 3.24729e-06 0.612746 -0.79028 1.13887 0.0192721 -0.790133 -0.612633 3.72529e-09 0 0 0 1 </matrix>
         <node id="Feet_R_001" name="Feet_R_001" type="JOINT">
          <matrix sid="SID_16">1 -1.81924e-06 -4.04797e-05 0 -1.83212e-05 0.870745 -0.491734 0.627972 3.61421e-05 0.491734 0.870745 -2.98023e-08 0 0 0 1 </matrix>
         </node>
        </node>
       </node>
      </node>
     </node>
    </node>
   </node>
  </visual_scene>
 </library_visual_scenes>
 <scene>
  <instance_visual_scene url="#scene169"/>
 </scene>
</COLLADA>
